10246
10320
10397
10464
10769
10870
10870
10870
10870
10870
10870
10870
10870
10870
10870
10870
10870
10870
10870
10870
10870
10870
10952
11070
11321
11340
11412
12554
12567
12644
12652
12795
12845
12845
12845
12845
12845
12845
12845
12845
12845
12845
12845
12845
12845
12845
12845
12845
12845
12845
12845
12845
13036
13318
13349
13349
13349
13349
13349
13349
13349
13349
13517
13573
13713
13835
14208
14598
14598
14598
14598
14598
14598
14598
14598
14770
15049
15186
15193
15395
15410
15821
16006
16119
16180
16995
17322
17352
17352
17352
17352
17352
17352
17352
17352
17352
17352
17352
17352
17352
17352
17352
17352
17393
17586
17811
17811
17811
17811
17811
17811
17811
17811
17811
17811
17811
17811
17811
17811
17811
18100
18196
18267
18398
18648
18927
19006
19159
19534
19574
19574
19574
19574
19574
19574
19574
19574
19574
19574
19574
19574
19661
19780
19788
19811
20200
20200
20200
20200
20200
20200
20200
20241
20249
20414
20530
20530
20530
20530
20530
20530
20530
20530
20530
20530
20530
20530
20530
20530
20530
20530
20530
20530
20570
20600
20683
21021
21205
21232
21533
22433
22450
22568
22773
22838
22851
22870
22897
23393
23485
23511
23570
23840
23840
23840
23840
23840
23840
23840
23840
23840
23840
23840
23840
23840
23840
23840
23840
23840
23840
23840
23970
24252
24252
24252
24276
24567
24696
24766
24766
24766
24766
24766
24766
24766
24766
24766
24766
24766
24791
24889
25049
25208
25307
25366
25375
25496
25937
26094
26380
26453
27046
27046
27046
27046
27046
27046
27046
27046
27046
27046
27046
27046
27046
27518
27655
27705
28288
28451
28473
28610
28648
28678
28731
28760
28777
28828
28881
28890
28932
28941
28981
29108
29550
29585
30381
30429
30520
31212
31254
31279
31279
31279
31279
31279
31279
31279
31308
31414
31504
31692
31866
32095
32208
32404
32404
32404
32404
32404
32404
32404
32404
32404
32404
32404
32404
32404
32404
32404
32404
32404
32404
32404
32404
32444
32659
32947
33036
33198
33238
33420
33467
33662
33747
33987
34105
34877
34929
34984
35318
35718
35769
35811
36007
36160
36401
36494
36606
36666
36666
36666
36666
36666
36666
36666
36666
36666
36666
36666
36666
36666
36666
36752
36762
36937
37193
37364
37409
37527
37842
38006
38053
38430
39124
39320
39320
39320
39320
39320
39320
39320
39320
39320
39320
39331
39365
39602
39658
39670
39770
39809
39867
39961
40289
40352
40645
40762
40811
40818
41181
41472
41520
41554
41554
41554
41554
41554
41554
41554
41554
41554
41554
41554
41554
41644
41824
42015
42047
42403
42548
42548
42548
42548
42550
43129
43143
43214
43254
43452
43950
44160
44170
44394
44394
44394
44642
44648
44659
44694
44758
44965
45196
45220
45332
45455
46022
46022
46022
46022
46022
46022
46022
46022
46022
46099
46183
46622
46731
46748
46778
46818
46826
46875
46875
46875
46875
46875
46875
46875
46875
46875
46875
46875
46875
46875
46875
46875
46875
47037
47197
47302
47578
47594
47814
47883
47914
47980
48165
48168
48255
48334
48658
48663
48785
48955
49159
49209
49209
49209
49209
49209
49209
49209
49331
49338
49575
49592
49638
49776
49905
50008
50077
50409
50429
50501
50949
51318
51318
51318
51318
51318
51318
51318
51318
51318
51318
51318
51318
51318
51318
51318
51318
51318
51318
51318
51350
51609
51679
51732
52130
52299
52563
52578
52594
52644
52659
52760
52987
53132
53413
53720
53747
53969
54026
54069
54418
54855
55410
55421
55460
55643
55867
56302
56474
56992
57298
57298
57768
57796
58367
58414
58444
58520
58704
58715
58718
59029
59112
59486
59605
59605
59605
59737
59862
59965
60082
60581
60665
60727
60764
60884
60950
60950
60950
60950
60950
60950
60950
60950
60950
60950
60950
60997
61341
61401
61565
61735
61865
61982
62295
62352
62356
62444
62666
62699
62837
62977
63107
63285
63339
63373
63381
63445
63713
63762
63888
64027
64096
64125
64140
64300
64416
64788
65043
65294
65903
65926
66456
66675
66716
66724
66758
67001
67520
67656
67658
67725
67845
67948
67959
68056
68135
68145
68379
68678
68766
68779
68950
69055
69067
69206
69398
69481
69626
69674
69778
69895
69944
70060
70112
70224
70293
70562
70993
71061
71064
71452
71532
71967
72165
72254
72257
72320
72447
72591
72850
72850
72850
72850
72850
72850
72850
72850
72850
72873
72878
73107
73191
73310
73317
73454
73788
73814
74300
74623
74641
74733
74875
74927
74954
75497
75916
76018
76043
76205
76384
76575
76586
76733
76756
76808
76895
76959
77019
77114
77174
77236
77460
77816
77829
77880
78102
78173
78295
78468
78526
78572
78640
78829
78835
78887
79136
79377
79421
79621
79705
80163
80340
80377
80404
80464
80530
80687
80727
80773
80804
80854
80865
80967
81541
81861
81965
82069
82218
82219
82252
82348
82421
82562
82580
82718
82798
82798
82798
82798
82798
82798
82798
82798
82798
82887
82995
83062
83143
83343
83722
84124
84255
84344
84586
84611
84760
84792
84903
84960
85003
85172
85172
85172
85172
85172
85172
85172
85172
85172
85172
85172
85172
85172
85172
85172
85172
85172
85172
85172
85175
85209
85209
85209
85209
85209
85209
85383
85533
85942
86032
86119
86304
86384
86540
86570
86692
86704
86708
86884
87028
87130
87301
87301
87301
87301
87301
87301
87301
87301
87301
87301
87301
87301
87301
87301
87301
87301
87301
87366
87504
87523
87538
87820
87832
87976
88117
88369
88369
88369
88369
88369
88369
88369
88369
88369
88369
88369
88369
88369
88369
88369
88369
88369
88369
88369
88369
88379
88485
88548
88560
88580
88812
88917
89064
89186
89290
89415
89616
89642
89908
89989
90281
90281
90281
90281
90281
90281
90281
90281
90281
90281
90378
90827
91006
91072
91608
91631
91814
92543
92579
92579
92579
92579
92579
92620
92903
93201
93469
93480
93514
93561
93602
93602
93602
93602
93602
93602
93936
94041
94153
94223
94271
94436
94436
94436
94436
94436
94436
94436
94436
94436
94436
94914
94915
94970
95051
95193
95213
95219
95234
95310
95812
96379
96428
96478
96722
96788
96843
96967
96969
97345
97390
97543
97679
97792
97826
98117
98234
98299
98333
98375
98501
98507
98639
98683
98819
98869
99003
99003
99003
99003
99003
99003
99003
99003
99003
99003
99003
99003
99003
99003
99003
99003
99003
99055
99381
99391
99735
99735
99735
99735
99735
99777
99874
